02027500 2006 10 01 2.194828351840093
02027500 2006 10 02 1.9708954144146253
02027500 2006 10 03 1.6778050733631913
02027500 2006 10 04 1.5608727986669584
02027500 2006 10 05 1.4581357192391233
02027500 2006 10 06 5.399688490935265
02027500 2006 10 07 8.365886834328972
02027500 2006 10 08 6.78816082662264
02027500 2006 10 09 5.2167329792731065
02027500 2006 10 10 4.691701672908603
02027500 2006 10 11 4.374137339447343
02027500 2006 10 12 4.534114505927606
02027500 2006 10 13 4.184376580688583
02027500 2006 10 14 3.789088911571002
02027500 2006 10 15 3.535364155174612
02027500 2006 10 16 3.3030974345067166
02027500 2006 10 17 4.158827462577045
02027500 2006 10 18 5.4992550575171695
02027500 2006 10 19 4.647063185197946
02027500 2006 10 20 4.6843800384882375
02027500 2006 10 21 4.259527888507081
02027500 2006 10 22 3.756136017298145
02027500 2006 10 23 3.500348041735438
02027500 2006 10 24 3.2702041557553283
02027500 2006 10 25 3.0546563183428237
02027500 2006 10 26 2.854150456228609
02027500 2006 10 27 3.2474193019430277
02027500 2006 10 28 6.251496223938429
02027500 2006 10 29 5.302472390773774
02027500 2006 10 30 4.0630123720095535
02027500 2006 10 31 3.7592823433440645
02027500 2006 11 01 3.510987200344247
02027500 2006 11 02 3.7831990322382625
02027500 2006 11 03 3.4763649672066985
02027500 2006 11 04 3.1127447335300853
02027500 2006 11 05 2.9027994997424273
02027500 2006 11 06 2.7120282579282766
02027500 2006 11 07 2.53400317616367
02027500 2006 11 08 5.394325045428369
02027500 2006 11 09 4.686273360588654
02027500 2006 11 10 3.5635055989842552
02027500 2006 11 11 3.2957307135102343
02027500 2006 11 12 4.277689116059668
02027500 2006 11 13 3.8572331261855157
02027500 2006 11 14 3.280852665455361
02027500 2006 11 15 3.05207171713797
02027500 2006 11 16 4.449586178713217
02027500 2006 11 17 5.548882337827406
02027500 2006 11 18 4.5704258128998205
02027500 2006 11 19 3.8272703023285155
02027500 2006 11 20 3.557638656953347
02027500 2006 11 21 3.323353071136148
02027500 2006 11 22 3.1032055596234436
02027500 2006 11 23 4.843095174619091
02027500 2006 11 24 4.2990154712388575
02027500 2006 11 25 3.4932391137814722
02027500 2006 11 26 3.242190977559041
02027500 2006 11 27 3.0284722674593305
02027500 2006 11 28 2.829378057094948
02027500 2006 11 29 2.6421359450627646
02027500 2006 11 30 2.4661156280163943
02027500 2006 12 01 2.690912420874724
02027500 2006 12 02 2.46928462161999
02027500 2006 12 03 2.2030354306721733
02027500 2006 12 04 2.0538101647525915
02027500 2006 12 05 1.9188198959856417
02027500 2006 12 06 1.7924182699461202
02027500 2006 12 07 1.6747650567606929
02027500 2006 12 08 1.564834803936059
02027500 2006 12 09 1.4615027474553828
02027500 2006 12 10 1.3655708750570688
02027500 2006 12 11 1.2759358941198973
02027500 2006 12 12 1.1921844817001013
02027500 2006 12 13 1.8199675730749563
02027500 2006 12 14 2.042507219452789
02027500 2006 12 15 1.6688736092235166
02027500 2006 12 16 1.4354881857218595
02027500 2006 12 17 1.3361916261125315
02027500 2006 12 18 1.2482743284533193
02027500 2006 12 19 1.1663298427765525
02027500 2006 12 20 1.089772520158856
02027500 2006 12 21 1.0182407077163835
02027500 2006 12 22 1.2520941236269016
02027500 2006 12 23 4.222472578039325
02027500 2006 12 24 3.504996561212917
02027500 2006 12 25 2.4394250994590303
02027500 2006 12 26 3.7953617639290655
02027500 2006 12 27 3.3642428561458093
02027500 2006 12 28 2.72539252760102
02027500 2006 12 29 2.528994204638706
02027500 2006 12 30 2.3622714340325794
02027500 2006 12 31 2.207183842703104
02027500 2007 01 01 5.718851161894917
02027500 2007 01 02 4.91747096096414
02027500 2007 01 03 3.608937402893473
02027500 2007 01 04 3.3311315312142318
02027500 2007 01 05 4.435488951984178
02027500 2007 01 06 5.384669433266878
02027500 2007 01 07 4.512060016200932
02027500 2007 01 08 6.643241232785807
02027500 2007 01 09 5.863032293887039
02027500 2007 01 10 4.718393658537021
02027500 2007 01 11 4.377113435523456
02027500 2007 01 12 4.1294242963754755
02027500 2007 01 13 4.006812410511097
02027500 2007 01 14 3.7137621016716214
02027500 2007 01 15 3.4282333982272055
02027500 2007 01 16 3.201471800138537
02027500 2007 01 17 2.991257658178008
02027500 2007 01 18 2.7940719513629118
02027500 2007 01 19 2.6106711769421325
02027500 2007 01 20 2.439308802048106
02027500 2007 01 21 2.279194521452161
02027500 2007 01 22 3.168137749658961
02027500 2007 01 23 2.8386286708320974
02027500 2007 01 24 2.37257034619382
02027500 2007 01 25 2.205214113456876
02027500 2007 01 26 2.0599827141235916
02027500 2007 01 27 1.9247470307275933
02027500 2007 01 28 1.7984073401515235
02027500 2007 01 29 1.6803612849125338
02027500 2007 01 30 1.5699367596749396
02027500 2007 01 31 1.4667614777767894
02027500 2007 02 01 1.370484426542488
02027500 2007 02 02 1.2805269240133241
02027500 2007 02 03 1.196179440974433
02027500 2007 02 04 1.1176631784013935
02027500 2007 02 05 1.0440810866782346
02027500 2007 02 06 0.9755484385310709
02027500 2007 02 07 1.4873490897964168
02027500 2007 02 08 1.322708406074189
02027500 2007 02 09 1.0807595790811897
02027500 2007 02 10 1.0033740082084541
02027500 2007 02 11 0.937245541597871
02027500 2007 02 12 0.875540749315327
02027500 2007 02 13 0.818070491982941
02027500 2007 02 14 4.742348818306277
02027500 2007 02 15 3.9681313816146364
02027500 2007 02 16 2.6360177483824554
02027500 2007 02 17 2.4184657789659187
02027500 2007 02 18 2.2578696150084894
02027500 2007 02 19 2.1095879921960616
02027500 2007 02 20 1.9711131285881482
02027500 2007 02 21 2.080135701443681
02027500 2007 02 22 1.9158155849268395
02027500 2007 02 23 1.7257575722479102
02027500 2007 02 24 1.6098118706290356
02027500 2007 02 25 1.8974812028592423
02027500 2007 02 26 2.5052896406450884
02027500 2007 02 27 2.1442949752815386
02027500 2007 02 28 1.7895113905313385
02027500 2007 03 01 1.6631564154091163
02027500 2007 03 02 5.611552042597935
02027500 2007 03 03 4.770960461659172
02027500 2007 03 04 3.3646089335922484
02027500 2007 03 05 3.0983378220469784
02027500 2007 03 06 2.8930782142411613
02027500 2007 03 07 2.7030747288752703
02027500 2007 03 08 2.525643805990299
02027500 2007 03 09 2.3598624295849158
02027500 2007 03 10 2.2049629399782242
02027500 2007 03 11 2.0602309344710608
02027500 2007 03 12 1.9249990223660773
02027500 2007 03 13 1.7986436249097448
02027500 2007 03 14 1.6805820947653105
02027500 2007 03 15 1.5702700291101337
02027500 2007 03 16 4.431652008072794
02027500 2007 03 17 5.440913799549842
02027500 2007 03 18 4.093714859602798
02027500 2007 03 19 3.3486326787211977
02027500 2007 03 20 3.1090382683795017
02027500 2007 03 21 2.904141109538635
02027500 2007 03 22 2.713458293543546
02027500 2007 03 23 2.535347639965605
02027500 2007 03 24 2.368929388027958
02027500 2007 03 25 2.2133259663192737
02027500 2007 03 26 2.067971125322578
02027500 2007 03 27 1.9322311532811918
02027500 2007 03 28 1.8054010445314088
02027500 2007 03 29 3.0004569599196778
02027500 2007 03 30 2.6506415972335184
02027500 2007 03 31 2.1227806833171274
02027500 2007 04 01 2.4168128910483433
02027500 2007 04 02 2.6405457365059286
02027500 2007 04 03 2.295758889296919
02027500 2007 04 04 2.0227766842978987
02027500 2007 04 05 1.8849244483900736
02027500 2007 04 06 1.7609884955431505
02027500 2007 04 07 1.6453898504061921
02027500 2007 04 08 1.5371852947615472
02027500 2007 04 09 1.4361444655534334
02027500 2007 04 10 1.3418770899074637
02027500 2007 04 11 1.2537973500673096
02027500 2007 04 12 3.6984057685935996
02027500 2007 04 13 3.1615788215284324
02027500 2007 04 14 3.2778688256608017
02027500 2007 04 15 5.195313608241594
02027500 2007 04 16 6.318573693959673
02027500 2007 04 17 5.045677309197669
02027500 2007 04 18 4.149348380208495
02027500 2007 04 19 3.8535112058557397
02027500 2007 04 20 3.7833643815030493
02027500 2007 04 21 3.513600762117684
02027500 2007 04 22 3.23310448977832
02027500 2007 04 23 3.0185944426670694
02027500 2007 04 24 2.8203708589920367
02027500 2007 04 25 2.635240419081527
02027500 2007 04 26 2.4622138712322417
02027500 2007 04 27 2.9381704055799416
02027500 2007 04 28 2.671114098996256
02027500 2007 04 29 2.3240246799481987
02027500 2007 04 30 2.1643411260726704
02027500 2007 05 01 2.0219789930176266
02027500 2007 05 02 1.889245588063363
02027500 2007 05 03 2.4208530713690184
02027500 2007 05 04 2.8674874662198304
02027500 2007 05 05 2.5473090053937177
02027500 2007 05 06 2.695652930458626
02027500 2007 05 07 2.416716902801879
02027500 2007 05 08 2.115664929118723
02027500 2007 05 09 1.9707734704776085
02027500 2007 05 10 1.841168154518582
02027500 2007 05 11 1.7203051554343138
02027500 2007 05 12 2.601928925757786
02027500 2007 05 13 2.8944242537002856
02027500 2007 05 14 2.3691166308640406
02027500 2007 05 15 2.0462453764019966
02027500 2007 05 16 1.9049884039440108
02027500 2007 05 17 2.4479474657352744
02027500 2007 05 18 3.0082767076802397
02027500 2007 05 19 2.675286423427182
02027500 2007 05 20 2.2610137125992145
02027500 2007 05 21 2.066318567016692
02027500 2007 05 22 1.9287640157120463
02027500 2007 05 23 1.8020815863256092
02027500 2007 05 24 1.6837910713483837
02027500 2007 05 25 1.573268233100873
02027500 2007 05 26 1.4700001578339608
02027500 2007 05 27 1.3734727063060996
02027500 2007 05 28 1.283319055471557
02027500 2007 05 29 1.1990830182405552
02027500 2007 05 30 1.1203761671761585
02027500 2007 05 31 1.0468355709166879
02027500 2007 06 01 1.2835419679575855
02027500 2007 06 02 1.612336256608106
02027500 2007 06 03 1.3719646100514566
02027500 2007 06 04 2.083453549358093
02027500 2007 06 05 1.833794533326104
02027500 2007 06 06 1.4638033430128194
02027500 2007 06 07 1.3573489147956448
02027500 2007 06 08 1.2678226899440885
02027500 2007 06 09 1.184582779065111
02027500 2007 06 10 1.106826968198464
02027500 2007 06 11 1.0341756996231495
02027500 2007 06 12 1.7401961227393272
02027500 2007 06 13 2.0481734735242276
02027500 2007 06 14 2.242167475706041
02027500 2007 06 15 2.246171083946145
02027500 2007 06 16 1.889175673789531
02027500 2007 06 17 1.6592901623771072
02027500 2007 06 18 1.5459764163100473
02027500 2007 06 19 1.4443169749645992
02027500 2007 06 20 1.522566920148752
02027500 2007 06 21 1.4024866657127406
02027500 2007 06 22 1.2638066049350964
02027500 2007 06 23 1.1789142562546473
02027500 2007 06 24 1.1012348799520215
02027500 2007 06 25 2.333881848490336
02027500 2007 06 26 3.1572912914588125
02027500 2007 06 27 2.4665574885287382
02027500 2007 06 28 2.5262047008519373
02027500 2007 06 29 2.79238420765855
02027500 2007 06 30 3.854750903690683
02027500 2007 07 01 3.289881177769348
02027500 2007 07 02 2.6770842382131503
02027500 2007 07 03 2.484873796027137
02027500 2007 07 04 2.321052531952486
02027500 2007 07 05 2.1686720340934067
02027500 2007 07 06 2.0261197233640087
02027500 2007 07 07 1.8931267947703598
02027500 2007 07 08 1.7688634628214501
02027500 2007 07 09 1.652756678632724
02027500 2007 07 10 1.5442710510521571
02027500 2007 07 11 2.3153514350199513
02027500 2007 07 12 2.6534388987057227
02027500 2007 07 13 2.175276781938486
02027500 2007 07 14 1.8633224800034038
02027500 2007 07 15 1.733919111423741
02027500 2007 07 16 1.6198140840272404
02027500 2007 07 17 1.5497018031984402
02027500 2007 07 18 1.443764673735949
02027500 2007 07 19 1.3392387404640846
02027500 2007 07 20 2.0094005891804434
02027500 2007 07 21 1.7891242624394916
02027500 2007 07 22 1.4671691599815684
02027500 2007 07 23 1.3622375531899436
02027500 2007 07 24 1.2724686743678926
02027500 2007 07 25 1.4352006377321267
02027500 2007 07 26 1.4820544022624604
02027500 2007 07 27 1.2986766632758229
02027500 2007 07 28 1.1649484231160177
02027500 2007 07 29 1.0864676746662365
02027500 2007 07 30 1.5129290710301408
02027500 2007 07 31 1.3556801214776255
02027500 2007 08 01 1.1325729991902427
02027500 2007 08 02 1.0526592115421474
02027500 2007 08 03 0.9833319664396136
02027500 2007 08 04 0.9187772219331807
02027500 2007 08 05 0.8584690196271993
02027500 2007 08 06 0.9172756508595912
02027500 2007 08 07 0.8436652463245359
02027500 2007 08 08 0.7572652647969843
02027500 2007 08 09 0.7061916580151797
02027500 2007 08 10 1.2385168866645535
02027500 2007 08 11 1.0898606163633242
02027500 2007 08 12 0.8623749030185304
02027500 2007 08 13 0.7992907082887355
02027500 2007 08 14 0.7465567261567869
02027500 2007 08 15 0.697542155171273
02027500 2007 08 16 0.6517555808626371
02027500 2007 08 17 0.6704297279831423
02027500 2007 08 18 0.6192714976314183
02027500 2007 08 19 0.5620673447526262
02027500 2007 08 20 0.5244858229419868
02027500 2007 08 21 0.4900304123768574
02027500 2007 08 22 0.9273798965203144
02027500 2007 08 23 1.1425179014497746
02027500 2007 08 24 0.9025593814554523
02027500 2007 08 25 0.7489851491182682
02027500 2007 08 26 1.3861332865880795
02027500 2007 08 27 1.540587737462801
02027500 2007 08 28 1.2155836562902627
02027500 2007 08 29 1.0401103390198296
02027500 2007 08 30 0.9678696470070954
02027500 2007 08 31 0.9035567400668519
02027500 2007 09 01 1.78023407852374
02027500 2007 09 02 1.5534768622796813
02027500 2007 09 03 1.1994438621991514
02027500 2007 09 04 1.1102403315694513
02027500 2007 09 05 1.0362354005288534
02027500 2007 09 06 0.9681003511069505
02027500 2007 09 07 0.9045542669965869
02027500 2007 09 08 0.8451800165979393
02027500 2007 09 09 0.7897030744421148
02027500 2007 09 10 0.7378675956768775
02027500 2007 09 11 1.112531170008067
02027500 2007 09 12 1.3693454990781282
02027500 2007 09 13 1.1211735102977336
02027500 2007 09 14 0.9401598731426978
02027500 2007 09 15 1.4408976606401844
02027500 2007 09 16 1.2801630524115715
02027500 2007 09 17 1.04340994459144
02027500 2007 09 18 0.9685758191570513
02027500 2007 09 19 0.9047356263326273
02027500 2007 09 20 0.8453385484606429
02027500 2007 09 21 0.7898507465529643
02027500 2007 09 22 0.7380055558515167
02027500 2007 09 23 0.6895216671960707
02027500 2007 09 24 0.6442620159632145
02027500 2007 09 25 0.6018891997516649
02027500 2007 09 26 0.5623816736825438
02027500 2007 09 27 0.5254673900520236
02027500 2007 09 28 0.49097613049878674
02027500 2007 09 29 0.4585691190757437
02027500 2007 09 30 0.4284690085673173
02027500 2007 10 01 0.4002257919175394
02027500 2007 10 02 0.3739552907784276
02027500 2007 10 03 0.34940916433989155
02027500 2007 10 04 0.3264742260246267
02027500 2007 10 05 0.3050447187318097
02027500 2007 10 06 0.2843534433253714
02027500 2007 10 07 0.26502400431701245
02027500 2007 10 08 0.2475376656927768
02027500 2007 10 09 0.23128949113761266
02027500 2007 10 10 0.2161078337754434
02027500 2007 10 11 0.20192268827003224
02027500 2007 10 12 0.18860338429159462
02027500 2007 10 13 0.17622360886999155
02027500 2007 10 14 0.16465643201370517
02027500 2007 10 15 0.15384851540230082
02027500 2007 10 16 0.1437500218000709
02027500 2007 10 17 0.13419229843221325
02027500 2007 10 18 0.12518960449727978
02027500 2007 10 19 0.11697225890394969
02027500 2007 10 20 0.30867614309754365
02027500 2007 10 21 0.26520202720803
02027500 2007 10 22 0.1940587257185526
02027500 2007 10 23 0.17908820639365985
02027500 2007 10 24 0.7380337674504561
02027500 2007 10 25 2.7906787946679392
02027500 2007 10 26 3.5121796322887184
02027500 2007 10 27 5.057990476039775
02027500 2007 10 28 4.0487168063740775
02027500 2007 10 29 3.0892358419648183
02027500 2007 10 30 2.8576372690062555
02027500 2007 10 31 2.6688666521545032
02027500 2007 11 01 2.4936346193352046
02027500 2007 11 02 2.3292698432506573
02027500 2007 11 03 2.1763783463056674
02027500 2007 11 04 2.033522607349056
02027500 2007 11 05 1.9000438083537292
02027500 2007 11 06 1.9072352527806733
02027500 2007 11 07 1.7666950838713882
02027500 2007 11 08 1.6120600159638032
02027500 2007 11 09 1.5047710160035015
02027500 2007 11 10 1.4205874555610365
02027500 2007 11 11 1.3256338411417488
02027500 2007 11 12 1.233611478240771
02027500 2007 11 13 1.15247431531341
02027500 2007 11 14 1.0768200127492789
02027500 2007 11 15 1.4890384949107283
02027500 2007 11 16 1.333639600332811
02027500 2007 11 17 1.1147801843446374
02027500 2007 11 18 1.0362101362897975
02027500 2007 11 19 0.9679699010356061
02027500 2007 11 20 0.904423813769506
02027500 2007 11 21 0.8450577703167225
02027500 2007 11 22 0.789588837521845
02027500 2007 11 23 0.7365742536851625
02027500 2007 11 24 0.6882261082823729
02027500 2007 11 25 0.6430514965327528
02027500 2007 11 26 0.8903446863312084
02027500 2007 11 27 1.4096039950077315
02027500 2007 11 28 1.1679378919251477
02027500 2007 11 29 0.923328871273106
02027500 2007 11 30 0.8557443017457087
02027500 2007 12 01 0.7990551175720417
02027500 2007 12 02 0.7465937345644093
02027500 2007 12 03 0.9964803224284754
02027500 2007 12 04 0.8962887300169163
02027500 2007 12 05 0.7569366595125936
02027500 2007 12 06 1.1392339012235673
02027500 2007 12 07 1.0136556392175589
02027500 2007 12 08 0.8902055787839908
02027500 2007 12 09 0.9324383870504401
02027500 2007 12 10 0.8416695038227033
02027500 2007 12 11 0.7554148754015195
02027500 2007 12 12 0.7045416922239837
02027500 2007 12 13 0.6579315397537477
02027500 2007 12 14 0.6145650378004306
02027500 2007 12 15 0.5742253874969908
02027500 2007 12 16 2.230777481191293
02027500 2007 12 17 1.887184894434609
02027500 2007 12 18 1.30688998756638
02027500 2007 12 19 1.2021429374036547
02027500 2007 12 20 1.122447308325203
02027500 2007 12 21 1.50919150573139
02027500 2007 12 22 1.38905609984583
02027500 2007 12 23 1.61047543242044
02027500 2007 12 24 2.5872165304197647
02027500 2007 12 25 2.164007562525005
02027500 2007 12 26 1.7062447278479802
02027500 2007 12 27 1.581202248753376
02027500 2007 12 28 1.4768713517836247
02027500 2007 12 29 2.910114077110084
02027500 2007 12 30 2.5410192092135464
02027500 2007 12 31 3.0761801115532714
02027500 2008 01 01 2.7223520436427875
02027500 2008 01 02 2.243245372662993
02027500 2008 01 03 2.0835186686024643
02027500 2008 01 04 1.9462395597014153
02027500 2008 01 05 1.8170824056515238
02027500 2008 01 06 2.1578123850239215
02027500 2008 01 07 2.3785113397173303
02027500 2008 01 08 2.0462925033272725
02027500 2008 01 09 2.435520219891578
02027500 2008 01 10 2.1962357986322436
02027500 2008 01 11 2.84650868038499
02027500 2008 01 12 2.6710543631810237
02027500 2008 01 13 2.2194169857576465
02027500 2008 01 14 2.027560488888602
02027500 2008 01 15 1.8925544854794072
02027500 2008 01 16 1.7682490076333706
02027500 2008 01 17 1.6521792438500715
02027500 2008 01 18 2.5902949492805933
02027500 2008 01 19 2.5755852089303737
02027500 2008 01 20 2.092338163249217
02027500 2008 01 21 1.868632811466599
02027500 2008 01 22 1.7414330421993522
02027500 2008 01 23 1.8058426232158886
02027500 2008 01 24 1.666487119958828
02027500 2008 01 25 1.5089145898775616
02027500 2008 01 26 1.407868579255986
02027500 2008 01 27 1.315374027221915
02027500 2008 01 28 1.229030471071854
02027500 2008 01 29 1.2920460160706155
02027500 2008 01 30 2.027180702471421
02027500 2008 01 31 1.7580430394577422
02027500 2008 02 01 2.866078182792866
02027500 2008 02 02 3.993182602634353
02027500 2008 02 03 3.1661414679299993
02027500 2008 02 04 2.5397370227107845
02027500 2008 02 05 2.7875106289079747
02027500 2008 02 06 2.5535593847341334
02027500 2008 02 07 3.162541046311463
02027500 2008 02 08 2.8461369316267624
02027500 2008 02 09 2.4184065125287986
02027500 2008 02 10 2.249654591319589
02027500 2008 02 11 2.101573171355717
02027500 2008 02 12 1.9636103080624308
02027500 2008 02 13 3.24130469995928
02027500 2008 02 14 4.063483590289227
02027500 2008 02 15 3.2782954558378816
02027500 2008 02 16 2.72327728966988
02027500 2008 02 17 2.5304038225267202
02027500 2008 02 18 3.1976929526576487
02027500 2008 02 19 2.8907221014661726
02027500 2008 02 20 2.4763088037345775
02027500 2008 02 21 2.3042121745499218
02027500 2008 02 22 2.152577707324503
02027500 2008 02 23 2.011268113283992
02027500 2008 02 24 1.8792494121405499
02027500 2008 02 25 2.1271462303649535
02027500 2008 02 26 1.9436727436443126
02027500 2008 02 27 2.3442213857197887
02027500 2008 02 28 2.113085010712979
02027500 2008 02 29 1.8049776379048326
02027500 2008 03 01 1.8081069913769239
02027500 2008 03 02 1.673824419594314
02027500 2008 03 03 1.528507617930436
02027500 2008 03 04 2.8438082508121574
02027500 2008 03 05 5.195929221494437
02027500 2008 03 06 4.158460890037154
02027500 2008 03 07 3.141259825998059
02027500 2008 03 08 4.666571345784005
02027500 2008 03 09 5.357880065762481
02027500 2008 03 10 4.391235814058911
02027500 2008 03 11 3.792104611993204
02027500 2008 03 12 3.5250353577360207
02027500 2008 03 13 3.2841200432660616
02027500 2008 03 14 3.0681568668258445
02027500 2008 03 15 3.3323473149730076
02027500 2008 03 16 4.092841144659351
02027500 2008 03 17 3.5774029556863773
02027500 2008 03 18 3.0583300662746984
02027500 2008 03 19 2.845773228749959
02027500 2008 03 20 3.7433631585005362
02027500 2008 03 21 3.371380035896052
02027500 2008 03 22 2.857824110255407
02027500 2008 03 23 2.658095673620495
02027500 2008 03 24 2.48311586293645
02027500 2008 03 25 2.3201051591946356
02027500 2008 03 26 2.167814439682172
02027500 2008 03 27 2.025520796092162
02027500 2008 03 28 1.8914375215102073
02027500 2008 03 29 1.767285074087173
02027500 2008 03 30 1.9885437093260956
02027500 2008 03 31 2.276314456592448
02027500 2008 04 01 2.7488417601770583
02027500 2008 04 02 2.3520967859225235
02027500 2008 04 03 1.9859463933930757
02027500 2008 04 04 3.170665702783805
02027500 2008 04 05 2.808115536601907
02027500 2008 04 06 3.127080161556498
02027500 2008 04 07 2.900448488672564
02027500 2008 04 08 2.4669000766390208
02027500 2008 04 09 2.2701292827034374
02027500 2008 04 10 2.1196720193293808
02027500 2008 04 11 1.9782784047655142
02027500 2008 04 12 2.009130034147617
02027500 2008 04 13 1.8577270860258561
02027500 2008 04 14 1.690812171390135
02027500 2008 04 15 1.576663364212248
02027500 2008 04 16 1.47309782793499
02027500 2008 04 17 1.3764017636490875
02027500 2008 04 18 1.2860557230356033
02027500 2008 04 19 1.2015384658653878
02027500 2008 04 20 2.6215675400249605
02027500 2008 04 21 3.3523523756035707
02027500 2008 04 22 3.2920787788848465
02027500 2008 04 23 2.688819096339965
02027500 2008 04 24 2.313975166848704
02027500 2008 04 25 2.1538463701292523
02027500 2008 04 26 2.650090309568784
02027500 2008 04 27 3.679479065864016
02027500 2008 04 28 5.11825957051542
02027500 2008 04 29 6.079071541309458
02027500 2008 04 30 4.907488743267916
02027500 2008 05 01 4.055633727390878
02027500 2008 05 02 3.7664294621533236
02027500 2008 05 03 3.5173465710558616
02027500 2008 05 04 3.2862739559277703
02027500 2008 05 05 3.0699447598017264
02027500 2008 05 06 2.868435973571623
02027500 2008 05 07 2.680154125866856
02027500 2008 05 08 2.5042309507897773
02027500 2008 05 09 4.21603733775795
02027500 2008 05 10 4.286073620437614
02027500 2008 05 11 3.432205949068805
02027500 2008 05 12 4.411934137492633
02027500 2008 05 13 3.9546759096496658
02027500 2008 05 14 3.323327699388515
02027500 2008 05 15 3.0897406216099204
02027500 2008 05 16 3.6961927857715606
02027500 2008 05 17 3.35823466818103
02027500 2008 05 18 2.9193033967476065
02027500 2008 05 19 2.72703452336117
02027500 2008 05 20 2.916454060569141
02027500 2008 05 21 2.679702840356504
02027500 2008 05 22 2.4040980574748243
02027500 2008 05 23 2.242152085843819
02027500 2008 05 24 2.0948068817825494
02027500 2008 05 25 1.957298280193897
02027500 2008 05 26 1.8288224881105526
02027500 2008 05 27 1.7599809537171833
02027500 2008 05 28 1.638498747209867
02027500 2008 05 29 1.5171557018319366
02027500 2008 05 30 1.4169977170697419
02027500 2008 05 31 1.3237311118737116
02027500 2008 06 01 1.2365290109087896
02027500 2008 06 02 1.1553641937161803
02027500 2008 06 03 1.0789623366371297
02027500 2008 06 04 1.6644561313375545
02027500 2008 06 05 1.478824359797741
02027500 2008 06 06 1.2049469495742535
02027500 2008 06 07 1.1185089856065962
02027500 2008 06 08 1.0447857224155561
02027500 2008 06 09 0.9761941406720713
02027500 2008 06 10 0.9121170104902733
02027500 2008 06 11 1.6111957276211177
02027500 2008 06 12 1.4166534609024641
02027500 2008 06 13 1.11875520769854
02027500 2008 06 14 1.0366129256290144
02027500 2008 06 15 1.29547120129868
02027500 2008 06 16 1.2675810608324654
02027500 2008 06 17 1.162056808264449
02027500 2008 06 18 1.047507605987798
02027500 2008 06 19 0.9567059911037978
02027500 2008 06 20 0.8929970164552345
02027500 2008 06 21 0.8343435316670929
02027500 2008 06 22 1.0521935852489421
02027500 2008 06 23 1.3319932341541187
02027500 2008 06 24 1.125884217803171
02027500 2008 06 25 0.9458160390853176
02027500 2008 06 26 0.879352010986964
02027500 2008 06 27 0.8211739674049078
02027500 2008 06 28 0.8659433278174307
02027500 2008 06 29 0.7969355251758279
02027500 2008 06 30 0.8246474113714665
02027500 2008 07 01 0.8051392031926369
02027500 2008 07 02 0.7179109136886099
02027500 2008 07 03 0.6566237326963961
02027500 2008 07 04 0.6129349729514696
02027500 2008 07 05 1.2006899150731718
02027500 2008 07 06 2.3517063218666165
02027500 2008 07 07 1.876533097288227
02027500 2008 07 08 2.0829476797808137
02027500 2008 07 09 1.8513280939058807
02027500 2008 07 10 1.8312570074366552
02027500 2008 07 11 1.669237423488035
02027500 2008 07 12 1.4817438915057086
02027500 2008 07 13 1.3812456584929713
02027500 2008 07 14 2.0098932323248646
02027500 2008 07 15 1.7942349647941755
02027500 2008 07 16 1.4826130219944924
02027500 2008 07 17 1.377242791685185
02027500 2008 07 18 1.2865070944319388
02027500 2008 07 19 1.201449929175098
02027500 2008 07 20 1.1225871385963682
02027500 2008 07 21 1.0489013919505823
02027500 2008 07 22 0.9800523418207862
02027500 2008 07 23 1.4012045071718795
02027500 2008 07 24 1.2525185652260165
02027500 2008 07 25 1.0394121637868206
02027500 2008 07 26 0.9657531966571934
02027500 2008 07 27 0.9021362021995966
02027500 2008 07 28 0.8429113241393165
02027500 2008 07 29 0.7872751418751941
02027500 2008 07 30 0.73559901453162
02027500 2008 07 31 0.6873148824027436
02027500 2008 08 01 0.6681520370456764
02027500 2008 08 02 0.6212749353716787
02027500 2008 08 03 0.8011638171900235
02027500 2008 08 04 0.7217918243554021
02027500 2008 08 05 0.6130020583554426
02027500 2008 08 06 0.5702166024609866
02027500 2008 08 07 0.5326821532688011
02027500 2008 08 08 0.49771292292654384
02027500 2008 08 09 0.46474956410351403
02027500 2008 08 10 0.434243766531571
02027500 2008 08 11 0.40574035240902323
02027500 2008 08 12 0.3791078799131343
02027500 2008 08 13 0.35422354164096737
02027500 2008 08 14 0.705543175936449
02027500 2008 08 15 0.6156415624564244
02027500 2008 08 16 0.7053416730338427
02027500 2008 08 17 0.6279623197785487
02027500 2008 08 18 0.5243236592201472
02027500 2008 08 19 0.4873139999239001
02027500 2008 08 20 0.45521934232846295
02027500 2008 08 21 0.42504238063732286
02027500 2008 08 22 0.39696090465492084
02027500 2008 08 23 0.3709047003850709
02027500 2008 08 24 0.34655881194124016
02027500 2008 08 25 0.32349385356761917
02027500 2008 08 26 0.3021275208197576
02027500 2008 08 27 0.908489505578219
02027500 2008 08 28 2.4195827624483552
02027500 2008 08 29 2.2483842698361958
02027500 2008 08 30 1.6105649662984682
02027500 2008 08 31 1.3911701906051137
02027500 2008 09 01 1.2951913021542183
02027500 2008 09 02 1.2099822129415456
02027500 2008 09 03 1.130551896624549
02027500 2008 09 04 1.0563430391128867
02027500 2008 09 05 0.9870055123088564
02027500 2008 09 06 1.6253118373262825
02027500 2008 09 07 1.7193025606769243
02027500 2008 09 08 1.3841636578549774
02027500 2008 09 09 1.2093351538147474
02027500 2008 09 10 1.3080069313835303
02027500 2008 09 11 1.2002802157619237
02027500 2008 09 12 1.166332278271659
02027500 2008 09 13 1.076809901783168
02027500 2008 09 14 0.9800905694790978
02027500 2008 09 15 0.9147042242874697
02027500 2008 09 16 0.854619978095141
02027500 2008 09 17 0.7985215861993717
02027500 2008 09 18 0.746107191824983
02027500 2008 09 19 0.6971333088676814
02027500 2008 09 20 0.6513740354605188
02027500 2008 09 21 0.6086183643161435
02027500 2008 09 22 0.568669141262484
02027500 2008 09 23 0.5313421532846703
02027500 2008 09 24 0.4964652789676878
02027500 2008 09 25 0.4638776948088523
02027500 2008 09 26 0.9111173483645206
02027500 2008 09 27 1.416914273948634
02027500 2008 09 28 1.466532464956408
02027500 2008 09 29 1.157590920175875
