02027500 2005 10 01 0.0
02027500 2005 10 02 0.0
02027500 2005 10 03 0.0
02027500 2005 10 04 0.0
02027500 2005 10 05 0.0
02027500 2005 10 06 1.106455384356669e-06
02027500 2005 10 07 0.014813290260709301
02027500 2005 10 08 0.8694555405026385
02027500 2005 10 09 0.7950644496581252
02027500 2005 10 10 0.5016885302956853
02027500 2005 10 11 0.7637478252371539
02027500 2005 10 12 0.7420024677666733
02027500 2005 10 13 0.5970089465705978
02027500 2005 10 14 0.5358548330739474
02027500 2005 10 15 0.49976904757722446
02027500 2005 10 16 0.46692668486195976
02027500 2005 10 17 0.4362764148024975
02027500 2005 10 18 0.40763951412223687
02027500 2005 10 19 0.3808823794623198
02027500 2005 10 20 0.3558815643453754
02027500 2005 10 21 0.6901337875657043
02027500 2005 10 22 0.962105057555759
02027500 2005 10 23 0.7608489345912907
02027500 2005 10 24 0.6102218633894642
02027500 2005 10 25 0.8467989616292892
02027500 2005 10 26 0.7583623457679242
02027500 2005 10 27 0.6329265502916892
02027500 2005 10 28 0.5882382681669674
02027500 2005 10 29 0.5494961696800365
02027500 2005 10 30 0.5134222535828203
02027500 2005 10 31 0.47972140168983424
02027500 2005 11 01 0.4482328628864568
02027500 2005 11 02 0.4188112155847911
02027500 2005 11 03 0.3913207820726198
02027500 2005 11 04 0.36563479866257625
02027500 2005 11 05 0.3416348226771357
02027500 2005 11 06 0.31921018593570955
02027500 2005 11 07 0.2982574844292367
02027500 2005 11 08 0.2786801015051976
02027500 2005 11 09 0.8701689665857805
02027500 2005 11 10 0.7420890181895486
02027500 2005 11 11 0.5291065955459381
02027500 2005 11 12 0.4875511210439984
02027500 2005 11 13 0.45526506939587313
02027500 2005 11 14 0.425370051381751
02027500 2005 11 15 0.3974486115873848
02027500 2005 11 16 0.37136038200512245
02027500 2005 11 17 0.9379809931719153
02027500 2005 11 18 0.8076359813785865
02027500 2005 11 19 0.5954116466831901
02027500 2005 11 20 0.5497142216359743
02027500 2005 11 21 0.513356569825028
02027500 2005 11 22 1.8264187653069037
02027500 2005 11 23 1.549804453236797
02027500 2005 11 24 1.0852627929079053
02027500 2005 11 25 0.9989524826586641
02027500 2005 11 26 0.9327557092910785
02027500 2005 11 27 0.8715043465687655
02027500 2005 11 28 1.048713779746461
02027500 2005 11 29 2.3861669122319746
02027500 2005 11 30 4.6270864871639175
02027500 2005 12 01 3.6287710936635538
02027500 2005 12 02 2.666582617522734
02027500 2005 12 03 2.4614688776476146
02027500 2005 12 04 2.6605133276578474
02027500 2005 12 05 2.4437159223444986
02027500 2005 12 06 2.811569565897749
02027500 2005 12 07 2.550149558440046
02027500 2005 12 08 2.214018982977562
02027500 2005 12 09 3.112227114349033
02027500 2005 12 10 2.785395394647592
02027500 2005 12 11 2.3195399488142616
02027500 2005 12 12 2.155527838486947
02027500 2005 12 13 2.013552124696908
02027500 2005 12 14 1.8813638720112436
02027500 2005 12 15 1.757871807494815
02027500 2005 12 16 4.960248602658089
02027500 2005 12 17 4.248560188823818
02027500 2005 12 18 3.075898013227974
02027500 2005 12 19 2.8368624910933145
02027500 2005 12 20 2.6491101412172124
02027500 2005 12 21 2.4751605601101043
02027500 2005 12 22 2.312690335340905
02027500 2005 12 23 2.1608870792552457
02027500 2005 12 24 2.019048173657897
02027500 2005 12 25 2.4665378906591924
02027500 2005 12 26 3.4852814501227645
02027500 2005 12 27 2.955004331246243
02027500 2005 12 28 2.4183035964196877
02027500 2005 12 29 2.4686178380353185
02027500 2005 12 30 2.2800028749241465
02027500 2005 12 31 2.0701673836700905
02027500 2006 01 01 1.9317829217242701
02027500 2006 01 02 2.3065842480814003
02027500 2006 01 03 3.155272772651119
02027500 2006 01 04 2.6898259432866545
02027500 2006 01 05 2.222502345271915
02027500 2006 01 06 2.0645380647335463
02027500 2006 01 07 1.928521483135305
02027500 2006 01 08 1.801914018555554
02027500 2006 01 09 1.6836369558570239
02027500 2006 01 10 1.5731243355577391
02027500 2006 01 11 1.4698657098456667
02027500 2006 01 12 2.153649930870989
02027500 2006 01 13 1.921483411787384
02027500 2006 01 14 3.2790618023848186
02027500 2006 01 15 2.8579667605956005
02027500 2006 01 16 2.2136794746962565
02027500 2006 01 17 2.049400226122468
02027500 2006 01 18 3.684816035448341
02027500 2006 01 19 3.2368483067832994
02027500 2006 01 20 2.547357467376221
02027500 2006 01 21 2.3603310028055575
02027500 2006 01 22 2.20457726378816
02027500 2006 01 23 3.641738051359555
02027500 2006 01 24 3.2186034322776576
02027500 2006 01 25 2.581179670133612
02027500 2006 01 26 2.394046717177254
02027500 2006 01 27 2.2361677223808782
02027500 2006 01 28 2.0893568933381443
02027500 2006 01 29 1.9522119065611252
02027500 2006 01 30 2.3050064975351945
02027500 2006 01 31 2.6077971581003823
02027500 2006 02 01 2.2477038339211663
02027500 2006 02 02 1.9573758749207784
02027500 2006 02 03 3.2635428142851044
02027500 2006 02 04 2.8814336993195186
02027500 2006 02 05 3.5240934473068153
02027500 2006 02 06 3.1346860659290843
02027500 2006 02 07 2.5996247483323534
02027500 2006 02 08 2.4153052639789108
02027500 2006 02 09 2.2561980759573133
02027500 2006 02 10 2.108079417529895
02027500 2006 02 11 1.9697057878683388
02027500 2006 02 12 3.052626953449353
02027500 2006 02 13 2.711184952121866
02027500 2006 02 14 2.206660757130368
02027500 2006 02 15 2.048248911362052
02027500 2006 02 16 1.9132397371051477
02027500 2006 02 17 1.7876327864113233
02027500 2006 02 18 1.6702930256921453
02027500 2006 02 19 1.5606562858723396
02027500 2006 02 20 1.4582160527935435
02027500 2006 02 21 1.3624999163587055
02027500 2006 02 22 1.4278699534927282
02027500 2006 02 23 1.6857361225362584
02027500 2006 02 24 1.4903698857965912
02027500 2006 02 25 1.2912404139243816
02027500 2006 02 26 1.2022754012951309
02027500 2006 02 27 1.1231841242625409
02027500 2006 02 28 1.0494519498438588
02027500 2006 03 01 0.9805664606318637
02027500 2006 03 02 0.9162028492367911
02027500 2006 03 03 0.8560640258796055
02027500 2006 03 04 0.7998726673268758
02027500 2006 03 05 0.7473696646647073
02027500 2006 03 06 0.6983129171401217
02027500 2006 03 07 0.7369418691878038
02027500 2006 03 08 0.6787399774372653
02027500 2006 03 09 0.6114333634324142
02027500 2006 03 10 0.5703539337963601
02027500 2006 03 11 0.5328770756690386
02027500 2006 03 12 0.49789781815962236
02027500 2006 03 13 0.4652161354604428
02027500 2006 03 14 0.4346797172909782
02027500 2006 03 15 0.40614768790730765
02027500 2006 03 16 0.3794884782430755
02027500 2006 03 17 0.3545791578010307
02027500 2006 03 18 0.33130486524659325
02027500 2006 03 19 0.30955827865567453
02027500 2006 03 20 0.2892391206296958
02027500 2006 03 21 0.270253695898389
02027500 2006 03 22 0.32557579130468806
02027500 2006 03 23 0.295702808112885
02027500 2006 03 24 0.256610720408591
02027500 2006 03 25 0.6457795452889004
02027500 2006 03 26 0.8539246536256095
02027500 2006 03 27 0.6536048081110346
02027500 2006 03 28 0.5258928013574039
02027500 2006 03 29 0.6202163847083347
02027500 2006 03 30 0.5639554295654167
02027500 2006 03 31 0.49127281983598375
02027500 2006 04 01 0.8607455918592255
02027500 2006 04 02 0.7572631640374438
02027500 2006 04 03 0.8430280223581816
02027500 2006 04 04 0.974117019122011
02027500 2006 04 05 0.818705392789916
02027500 2006 04 06 0.7031359554254478
02027500 2006 04 07 0.6544136907673195
02027500 2006 04 08 1.6563392725859771
02027500 2006 04 09 2.2247753731375766
02027500 2006 04 10 1.7042715576819685
02027500 2006 04 11 1.3655226397177147
02027500 2006 04 12 1.2664641215921635
02027500 2006 04 13 1.1829427591762518
02027500 2006 04 14 1.1052790683607314
02027500 2006 04 15 2.5173055833792004
02027500 2006 04 16 2.1793053024535007
02027500 2006 04 17 2.1309031864350323
02027500 2006 04 18 2.1197593735188547
02027500 2006 04 19 1.82307855360936
02027500 2006 04 20 1.6431879751972847
02027500 2006 04 21 1.532828137859186
02027500 2006 04 22 2.5416003032635146
02027500 2006 04 23 3.0466431077673626
02027500 2006 04 24 2.4545575016511925
02027500 2006 04 25 2.0652401591310583
02027500 2006 04 26 2.1225967360588753
02027500 2006 04 27 1.9593232452951774
02027500 2006 04 28 1.7761731325814158
02027500 2006 04 29 1.6573203974866313
02027500 2006 04 30 1.548441054905416
02027500 2006 05 01 1.4467987094170056
02027500 2006 05 02 1.3518318358038324
02027500 2006 05 03 1.2630986676710534
02027500 2006 05 04 1.1801898802558655
02027500 2006 05 05 1.102723159658601
02027500 2006 05 06 1.805145086420993
02027500 2006 05 07 1.5964896935928976
02027500 2006 05 08 2.5142810549599233
02027500 2006 05 09 2.736656631420657
02027500 2006 05 10 2.162184947417633
02027500 2006 05 11 1.8611581499970469
02027500 2006 05 12 1.942184822248905
02027500 2006 05 13 1.790011159442131
02027500 2006 05 14 1.6159850958296962
02027500 2006 05 15 2.6310749608948134
02027500 2006 05 16 2.327528146536937
02027500 2006 05 17 1.87207832879659
02027500 2006 05 18 1.73662087082439
02027500 2006 05 19 1.6221079562752814
02027500 2006 05 20 1.515612376667347
02027500 2006 05 21 1.4161278894577651
02027500 2006 05 22 1.3231743490214025
02027500 2006 05 23 1.2363222406155903
02027500 2006 05 24 1.1551710366897172
02027500 2006 05 25 1.0793465329991772
02027500 2006 05 26 1.0084990891379435
02027500 2006 05 27 1.1385633273442328
02027500 2006 05 28 1.04098920231953
02027500 2006 05 29 0.9197875949829958
02027500 2006 05 30 0.857216700315703
02027500 2006 05 31 0.8008584075979376
02027500 2006 06 01 0.7482869094130227
02027500 2006 06 02 0.6991697971093215
02027500 2006 06 03 0.9009434693235769
02027500 2006 06 04 0.8129842733941192
02027500 2006 06 05 0.6929003690391216
02027500 2006 06 06 0.6446467858889843
02027500 2006 06 07 0.6022175058518126
02027500 2006 06 08 0.5626836444175985
02027500 2006 06 09 0.5395381006003614
02027500 2006 06 10 0.5025185877654426
02027500 2006 06 11 0.4658190395285992
02027500 2006 06 12 1.6063261133625286
02027500 2006 06 13 1.4592693495731681
02027500 2006 06 14 1.036938373271414
02027500 2006 06 15 0.9987342990116033
02027500 2006 06 16 0.923604499848659
02027500 2006 06 17 0.8444654012796612
02027500 2006 06 18 0.7882661118654785
02027500 2006 06 19 0.7364929924819335
02027500 2006 06 20 0.6881488530504433
02027500 2006 06 21 0.6429792570976227
02027500 2006 06 22 0.6007746102091792
02027500 2006 06 23 0.5613402448117009
02027500 2006 06 24 1.430274512855052
02027500 2006 06 25 2.498204652045071
02027500 2006 06 26 3.61915460337765
02027500 2006 06 27 4.514630502536646
02027500 2006 06 28 6.074923400635335
02027500 2006 06 29 4.911242227504017
02027500 2006 06 30 3.8908425942731246
02027500 2006 07 01 3.6064484017193252
02027500 2006 07 02 3.368518991872569
02027500 2006 07 03 3.14736202995172
02027500 2006 07 04 3.0392140139770207
02027500 2006 07 05 2.828265968613008
02027500 2006 07 06 3.323221667640731
02027500 2006 07 07 3.0216955349463115
02027500 2006 07 08 2.6328128006945697
02027500 2006 07 09 2.4520802927485965
02027500 2006 07 10 2.2907987680804434
02027500 2006 07 11 2.1404189007923327
02027500 2006 07 12 1.999922946826961
02027500 2006 07 13 2.214114381069043
02027500 2006 07 14 2.1647353652152286
02027500 2006 07 15 2.176444374228067
02027500 2006 07 16 1.962464533420162
02027500 2006 07 17 1.7611917493661884
02027500 2006 07 18 1.6425779694679064
02027500 2006 07 19 1.534635378596099
02027500 2006 07 20 1.6942418393911525
02027500 2006 07 21 1.8661998829454154
02027500 2006 07 22 2.3918316063043656
02027500 2006 07 23 2.702657679237518
02027500 2006 07 24 2.2434730882585017
02027500 2006 07 25 1.9143889046479088
02027500 2006 07 26 1.8862144419217184
02027500 2006 07 27 1.7498671132013837
02027500 2006 07 28 1.6066971332975908
02027500 2006 07 29 1.5000585626446574
02027500 2006 07 30 1.4015470452249732
02027500 2006 07 31 1.3095485866433085
02027500 2006 08 01 1.2235907795793504
02027500 2006 08 02 1.1432752551407568
02027500 2006 08 03 1.06823158090156
02027500 2006 08 04 0.9981137136075083
02027500 2006 08 05 0.9325983270934081
02027500 2006 08 06 0.8713833181934025
02027500 2006 08 07 0.8141864135573336
02027500 2006 08 08 0.7607438680323977
02027500 2006 08 09 1.117490208340258
02027500 2006 08 10 1.4540090552472795
02027500 2006 08 11 1.1958051380948993
02027500 2006 08 12 1.0773084492939677
02027500 2006 08 13 0.9910805756972404
02027500 2006 08 14 0.9021766382081711
02027500 2006 08 15 0.8419675339907066
02027500 2006 08 16 0.7866602849675279
02027500 2006 08 17 0.7350228218327814
02027500 2006 08 18 0.6867764401272007
02027500 2006 08 19 0.6416969804847349
02027500 2006 08 20 0.5995765033782262
02027500 2006 08 21 0.5602207808458123
02027500 2006 08 22 0.5234483364939991
02027500 2006 08 23 0.48908960600276646
02027500 2006 08 24 0.45698615512304297
02027500 2006 08 25 0.42698994910343835
02027500 2006 08 26 0.398962670075349
02027500 2006 08 27 0.3727750792445299
02027500 2006 08 28 0.34830642094790676
02027500 2006 08 29 0.7207473991915877
02027500 2006 08 30 0.6274350139063539
02027500 2006 08 31 2.376785595477635
02027500 2006 09 01 2.52749919216644
02027500 2006 09 02 3.911456330677351
02027500 2006 09 03 3.2431133502163276
02027500 2006 09 04 2.4514762528244427
02027500 2006 09 05 4.368380624232861
02027500 2006 09 06 4.15582927263628
02027500 2006 09 07 3.2795547672957563
02027500 2006 09 08 2.954610042277728
02027500 2006 09 09 2.7561148212655424
02027500 2006 09 10 2.5750163092901075
02027500 2006 09 11 2.40598642980452
02027500 2006 09 12 2.2480590764512876
02027500 2006 09 13 2.6154498218888347
02027500 2006 09 14 4.152188638968795
02027500 2006 09 15 3.5351274421488728
02027500 2006 09 16 2.820937308995866
02027500 2006 09 17 2.6157405313114044
02027500 2006 09 18 2.4432130753774737
02027500 2006 09 19 2.2828079388561684
02027500 2006 09 20 2.1329648131893904
02027500 2006 09 21 1.9929586477199448
02027500 2006 09 22 1.8621424322855455
02027500 2006 09 23 1.8842457295727073
02027500 2006 09 24 1.7437687381904923
02027500 2006 09 25 1.9165404673493975
02027500 2006 09 26 1.7511735288064574
02027500 2006 09 27 1.5483071601186542
02027500 2006 09 28 1.4430245015907772
02027500 2006 09 29 2.17974024503102
02027500 2006 09 30 1.9398823817603033
02027500 2006 10 01 2.194828351840093
02027500 2006 10 02 1.9708954144146253
02027500 2006 10 03 1.6778050733631913
02027500 2006 10 04 1.5608727986669584
02027500 2006 10 05 1.4581357192391233
02027500 2006 10 06 5.399816386302771
02027500 2006 10 07 8.370090727974302
02027500 2006 10 08 6.805804570212162
02027500 2006 10 09 5.231788659661812
02027500 2006 10 10 4.705459506886163
02027500 2006 10 11 4.388996825195328
02027500 2006 10 12 4.549198660690452
02027500 2006 10 13 4.198373430324812
02027500 2006 10 14 3.801942085620428
02027500 2006 10 15 3.5473643113989604
02027500 2006 10 16 3.3143095217603347
02027500 2006 10 17 4.17120708941428
02027500 2006 10 18 5.513356705962972
02027500 2006 10 19 4.65940567397671
02027500 2006 10 20 4.696332423494135
02027500 2006 10 21 4.272212538700303
02027500 2006 10 22 3.7690279112861353
02027500 2006 10 23 3.5123764878532318
02027500 2006 10 24 3.281442348217578
02027500 2006 10 25 3.0660351170519498
02027500 2006 10 26 2.8647823583441885
02027500 2006 10 27 3.258480135095186
02027500 2006 10 28 6.267206123457294
02027500 2006 10 29 5.316206768408827
02027500 2006 10 30 4.074349272688244
02027500 2006 10 31 3.7698129432221297
02027500 2006 11 01 3.520823997558151
02027500 2006 11 02 3.793127302412027
02027500 2006 11 03 3.48555575124337
02027500 2006 11 04 3.1211336272223624
02027500 2006 11 05 2.9106295009286867
02027500 2006 11 06 2.7193439612226777
02027500 2006 11 07 2.5408386682942625
02027500 2006 11 08 5.404643836125857
02027500 2006 11 09 4.697205739764245
02027500 2006 11 10 3.5724592632486756
02027500 2006 11 11 3.3040442681078015
02027500 2006 11 12 4.287052505376855
02027500 2006 11 13 3.865795887916299
02027500 2006 11 14 3.288422955595352
02027500 2006 11 15 3.059127216037983
02027500 2006 11 16 4.458111724527367
02027500 2006 11 17 5.559798742059169
02027500 2006 11 18 4.57979410214622
02027500 2006 11 19 3.835467379210172
02027500 2006 11 20 3.5652745711901375
02027500 2006 11 21 3.330486809741078
02027500 2006 11 22 3.111844491139258
02027500 2006 11 23 4.8539687490757375
02027500 2006 11 24 4.308849267761648
02027500 2006 11 25 3.5016726631072665
02027500 2006 11 26 3.250039595771976
02027500 2006 11 27 3.0358044056836233
02027500 2006 11 28 2.836499020953216
02027500 2006 11 29 2.6503119293796304
02027500 2006 11 30 2.4763475074185717
02027500 2006 12 01 2.701360655864285
02027500 2006 12 02 2.4789437063193067
02027500 2006 12 03 2.211821286221594
02027500 2006 12 04 2.0623011231731283
02027500 2006 12 05 1.9267530869959337
02027500 2006 12 06 1.800275065417916
02027500 2006 12 07 1.6821061376738338
02027500 2006 12 08 1.5716940221321996
02027500 2006 12 09 1.4685292820091007
02027500 2006 12 10 1.3721361934979062
02027500 2006 12 11 1.282070270304978
02027500 2006 12 12 1.1979162023347119
02027500 2006 12 13 1.8272168140127656
02027500 2006 12 14 2.0501534111606023
02027500 2006 12 15 1.6753805279790777
02027500 2006 12 16 1.4429232419542692
02027500 2006 12 17 1.3431217225387933
02027500 2006 12 18 1.2547488355205554
02027500 2006 12 19 1.1723793391498396
02027500 2006 12 20 1.0954249312104476
02027500 2006 12 21 1.0235220989732519
02027500 2006 12 22 1.2580096788780453
02027500 2006 12 23 4.236850827732995
02027500 2006 12 24 3.5171234937066362
02027500 2006 12 25 2.448696543580755
02027500 2006 12 26 3.8090049395345744
02027500 2006 12 27 3.3764796149786807
02027500 2006 12 28 2.735654180300633
02027500 2006 12 29 2.5386708742080746
02027500 2006 12 30 2.3713108825334674
02027500 2006 12 31 2.2156298637611047
02027500 2007 01 01 5.7355288810527725
02027500 2007 01 02 4.932503448952557
02027500 2007 01 03 3.6213139162965864
02027500 2007 01 04 3.34258734174514
02027500 2007 01 05 4.4491660294231075
02027500 2007 01 06 5.399972076209748
02027500 2007 01 07 4.525222016762573
02027500 2007 01 08 6.659810815511115
02027500 2007 01 09 5.877889801774998
02027500 2007 01 10 4.730906540994972
02027500 2007 01 11 4.38874808564695
02027500 2007 01 12 4.140888059365966
02027500 2007 01 13 4.0177784770775995
02027500 2007 01 14 3.7249919992322296
02027500 2007 01 15 3.438647187087421
02027500 2007 01 16 3.2111987543854297
02027500 2007 01 17 3.000346006564714
02027500 2007 01 18 2.8034026914446466
02027500 2007 01 19 2.6193894544429175
02027500 2007 01 20 2.4474548187702454
02027500 2007 01 21 2.2868058401461426
02027500 2007 01 22 3.1773483288567137
02027500 2007 01 23 2.847685388776841
02027500 2007 01 24 2.3804201193097607
02027500 2007 01 25 2.2125231862938355
02027500 2007 01 26 2.066810967946134
02027500 2007 01 27 1.9311270394957556
02027500 2007 01 28 1.804368568417502
02027500 2007 01 29 1.6859312228432366
02027500 2007 01 30 1.5752680432535182
02027500 2007 01 31 1.471868707717423
02027500 2007 02 01 1.37525642199128
02027500 2007 02 02 1.2849856894944174
02027500 2007 02 03 1.2006402557384634
02027500 2007 02 04 1.1218311888491925
02027500 2007 02 05 1.048195086129894
02027500 2007 02 06 0.9793923983464445
02027500 2007 02 07 1.492391657346839
02027500 2007 02 08 1.32725113372361
02027500 2007 02 09 1.0846132538577298
02027500 2007 02 10 1.0069584905390103
02027500 2007 02 11 0.9405940666049251
02027500 2007 02 12 0.8788430689696342
02027500 2007 02 13 0.821156048784623
02027500 2007 02 14 4.754426866579689
02027500 2007 02 15 3.978346573479052
02027500 2007 02 16 2.643085325157124
02027500 2007 02 17 2.4249665248387497
02027500 2007 02 18 2.263939380866263
02027500 2007 02 19 2.1152591657998956
02027500 2007 02 20 1.9764120435066153
02027500 2007 02 21 2.085569755715126
02027500 2007 02 22 1.920874242188303
02027500 2007 02 23 1.730434260212166
02027500 2007 02 24 1.6141760421307914
02027500 2007 02 25 1.9023661821551139
02027500 2007 02 26 2.5112936643343997
02027500 2007 02 27 2.149508882997236
02027500 2007 02 28 1.7939608587795643
02027500 2007 03 01 1.6672962820393593
02027500 2007 03 02 5.622279627474839
02027500 2007 03 03 4.780185518184071
02027500 2007 03 04 3.3713803608735877
02027500 2007 03 05 3.104587991485911
02027500 2007 03 06 2.898914937143829
02027500 2007 03 07 2.7085539340727363
02027500 2007 03 08 2.5307633550036908
02027500 2007 03 09 2.3646459352624585
02027500 2007 03 10 2.209432460156305
02027500 2007 03 11 2.0644070789160947
02027500 2007 03 12 1.9289010480271123
02027500 2007 03 13 1.8022895247247075
02027500 2007 03 14 1.6839886806300557
02027500 2007 03 15 1.5734530094011099
02027500 2007 03 16 4.438773637684423
02027500 2007 03 17 5.44902307676076
02027500 2007 03 18 4.099949004704244
02027500 2007 03 19 3.3538891671060918
02027500 2007 03 20 3.113926106469599
02027500 2007 03 21 2.9087071325148184
02027500 2007 03 22 2.7177477114023025
02027500 2007 03 23 2.5393555021607477
02027500 2007 03 24 2.3726741772807465
02027500 2007 03 25 2.2169337379642347
02027500 2007 03 26 2.071415978975514
02027500 2007 03 27 1.9354498894933148
02027500 2007 03 28 1.8084085054708379
02027500 2007 03 29 3.0048636767684163
02027500 2007 03 30 2.654576507117433
02027500 2007 03 31 2.1260347139648355
02027500 2007 04 01 2.4204508244512097
02027500 2007 04 02 2.644369509323969
02027500 2007 04 03 2.299200097038543
02027500 2007 04 04 2.0259044630093963
02027500 2007 04 05 1.8878410372591012
02027500 2007 04 06 1.7637133973362658
02027500 2007 04 07 1.6479358816639564
02027500 2007 04 08 1.5397663226410803
02027500 2007 04 09 1.4386972765813797
02027500 2007 04 10 1.3442623364587907
02027500 2007 04 11 1.2560260309411528
02027500 2007 04 12 3.703561341998518
02027500 2007 04 13 3.1660383484294843
02027500 2007 04 14 3.2822623527809665
02027500 2007 04 15 5.202080433966789
02027500 2007 04 16 6.326047646470677
02027500 2007 04 17 5.052033476915661
02027500 2007 04 18 4.1548494589901015
02027500 2007 04 19 3.8586295170736333
02027500 2007 04 20 3.788302872050803
02027500 2007 04 21 3.518196781037052
02027500 2007 04 22 3.2377143516509803
02027500 2007 04 23 3.023134585414312
02027500 2007 04 24 2.8246129068928996
02027500 2007 04 25 2.6392040188786927
02027500 2007 04 26 2.4659686285425475
02027500 2007 04 27 2.9423175972458577
02027500 2007 04 28 2.6749147216292677
02027500 2007 04 29 2.327403717700535
02027500 2007 04 30 2.1674912152886794
02027500 2007 05 01 2.02492201577015
02027500 2007 05 02 1.8919954208091219
02027500 2007 05 03 2.424065283652061
02027500 2007 05 04 2.8710417345720245
02027500 2007 05 05 2.5504937227725013
02027500 2007 05 06 2.699117927296086
02027500 2007 05 07 2.4198589223151257
02027500 2007 05 08 2.1187641447208643
02027500 2007 05 09 1.973779524109828
02027500 2007 05 10 1.8439766328400296
02027500 2007 05 11 1.7229292766657711
02027500 2007 05 12 2.6054545966749307
02027500 2007 05 13 2.898156317942755
02027500 2007 05 14 2.3722600361370856
02027500 2007 05 15 2.049264951706363
02027500 2007 05 16 1.9078024543811978
02027500 2007 05 17 2.4512521947102335
02027500 2007 05 18 3.0120380656630728
02027500 2007 05 19 2.678655142005098
02027500 2007 05 20 2.2639367008690106
02027500 2007 05 21 2.069007602824438
02027500 2007 05 22 1.9312747965695582
02027500 2007 05 23 1.80442748887381
02027500 2007 05 24 1.6859829877091008
02027500 2007 05 25 1.5753162736979156
02027500 2007 05 26 1.4719137666777018
02027500 2007 05 27 1.3752985230815715
02027500 2007 05 28 1.2850250270929908
02027500 2007 05 29 1.2006770112480942
02027500 2007 05 30 1.1218655317565291
02027500 2007 05 31 1.0482271747962368
02027500 2007 06 01 1.2851392373896167
02027500 2007 06 02 1.6142106872372057
02027500 2007 06 03 1.3736439481186078
02027500 2007 06 04 2.0857282965604744
02027500 2007 06 05 1.8358189677018748
02027500 2007 06 06 1.4654723823917037
02027500 2007 06 07 1.35889915459388
02027500 2007 06 08 1.2692707891138093
02027500 2007 06 09 1.1859389483456442
02027500 2007 06 10 1.1080941189465483
02027500 2007 06 11 1.0353596755811645
02027500 2007 06 12 1.742307255452346
02027500 2007 06 13 2.0505628423838007
02027500 2007 06 14 2.2446571614230315
02027500 2007 06 15 2.2486267924781638
02027500 2007 06 16 1.8912848345100446
02027500 2007 06 17 1.6611711404806955
02027500 2007 06 18 1.5477301999536535
02027500 2007 06 19 1.4459554867336282
02027500 2007 06 20 1.5242436819215486
02027500 2007 06 21 1.4040363977485166
02027500 2007 06 22 1.2652153340307684
02027500 2007 06 23 1.1802288854653677
02027500 2007 06 24 1.1026790526251267
02027500 2007 06 25 2.3369346081539515
02027500 2007 06 26 3.1618005945351664
02027500 2007 06 27 2.4707202652673472
02027500 2007 06 28 2.53111798725331
02027500 2007 06 29 2.79755602387037
02027500 2007 06 30 3.861080168994815
02027500 2007 07 01 3.295391342632481
02027500 2007 07 02 2.681742669361501
02027500 2007 07 03 2.4892060903800783
02027500 2007 07 04 2.3251306548012725
02027500 2007 07 05 2.1724824367980866
02027500 2007 07 06 2.029881241653076
02027500 2007 07 07 1.8966414099403652
02027500 2007 07 08 1.772147381457732
02027500 2007 07 09 1.6558250434739696
02027500 2007 07 10 1.5471380108773163
02027500 2007 07 11 2.319116017013891
02027500 2007 07 12 2.6575037806593063
02027500 2007 07 13 2.17881729416885
02027500 2007 07 14 1.8664693462714759
02027500 2007 07 15 1.7369202190000559
02027500 2007 07 16 1.6226178433429768
02027500 2007 07 17 1.55236529446883
02027500 2007 07 18 1.4462482397011955
02027500 2007 07 19 1.341547492082876
02027500 2007 07 20 2.012521015302783
02027500 2007 07 21 1.7920249967995607
02027500 2007 07 22 1.4698081685429967
02027500 2007 07 23 1.3648306471757587
02027500 2007 07 24 1.2748910679085208
02027500 2007 07 25 1.4377945413520965
02027500 2007 07 26 1.484685595049412
02027500 2007 07 27 1.3010192426686882
02027500 2007 07 28 1.1670732624533258
02027500 2007 07 29 1.0884503831531005
02027500 2007 07 30 1.5154205644583538
02027500 2007 07 31 1.3579337031016987
02027500 2007 08 01 1.1345065031751889
02027500 2007 08 02 1.0544586490394317
02027500 2007 08 03 0.9850129931050154
02027500 2007 08 04 0.9203478950036258
02027500 2007 08 05 0.8599365944594644
02027500 2007 08 06 0.9187941894454467
02027500 2007 08 07 0.8450669680152993
02027500 2007 08 08 0.758535298202474
02027500 2007 08 09 0.7074550478871521
02027500 2007 08 10 1.2405861919912926
02027500 2007 08 11 1.0916999281373823
02027500 2007 08 12 0.8638941060329457
02027500 2007 08 13 0.8007010229780738
02027500 2007 08 14 0.7478740879524877
02027500 2007 08 15 0.6987730305628065
02027500 2007 08 16 0.652905661919466
02027500 2007 08 17 0.6715898395841664
02027500 2007 08 18 0.6203455080046981
02027500 2007 08 19 0.5630478189807646
02027500 2007 08 20 0.5254009823807578
02027500 2007 08 21 0.49088546170891917
02027500 2007 08 22 0.9288093885089264
02027500 2007 08 23 1.1441894519741522
02027500 2007 08 24 0.9039037117073208
02027500 2007 08 25 0.750123924769225
02027500 2007 08 26 1.3879770245629248
02027500 2007 08 27 1.5425577790931844
02027500 2007 08 28 1.2171735825299335
02027500 2007 08 29 1.0416498881413352
02027500 2007 08 30 0.9693035215499943
02027500 2007 08 31 0.9055141265812702
02027500 2007 09 01 1.7837939688326467
02027500 2007 09 02 1.5575800739165357
02027500 2007 09 03 1.2027231756815664
02027500 2007 09 04 1.1132813518776281
02027500 2007 09 05 1.039770354416393
02027500 2007 09 06 0.9715025398280449
02027500 2007 09 07 0.9077331366501138
02027500 2007 09 08 0.8481502276997829
02027500 2007 09 09 0.7924783232572339
02027500 2007 09 10 0.7404606793774734
02027500 2007 09 11 1.1160689275087852
02027500 2007 09 12 1.373449184247291
02027500 2007 09 13 1.1247936316705074
02027500 2007 09 14 0.9438431117326898
02027500 2007 09 15 1.4459431996015097
02027500 2007 09 16 1.2846885760064217
02027500 2007 09 17 1.047202582764364
02027500 2007 09 18 0.9721014031621384
02027500 2007 09 19 0.9080290414349892
02027500 2007 09 20 0.8484157551667859
02027500 2007 09 21 0.7927259665712244
02027500 2007 09 22 0.7406920486715578
02027500 2007 09 23 0.6920736137363888
02027500 2007 09 24 0.646646454771932
02027500 2007 09 25 0.6042010982499495
02027500 2007 09 26 0.5645418210109652
02027500 2007 09 27 0.5274857470361002
02027500 2007 09 28 0.49286200414340886
02027500 2007 09 29 0.46051093606446347
02027500 2007 09 30 0.43028336624070995
02027500 2007 10 01 0.40203990994368066
02027500 2007 10 02 0.37565033154709493
02027500 2007 10 03 0.35099294398710246
02027500 2007 10 04 0.3279540476414793
02027500 2007 10 05 0.30642740604033936
02027500 2007 10 06 0.28631375599077913
02027500 2007 10 07 0.26752034985655193
02027500 2007 10 08 0.24996052788213508
02027500 2007 10 09 0.23355331858910322
02027500 2007 10 10 0.2182230654021664
02027500 2007 10 11 0.20389907778317484
02027500 2007 10 12 0.19051530526441107
02027500 2007 10 13 0.1780100328780727
02027500 2007 10 14 0.16632559657752521
02027500 2007 10 15 0.15540811733807258
02027500 2007 10 16 0.14520725271114188
02027500 2007 10 17 0.13567596468625331
02027500 2007 10 18 0.12677030279034396
02027500 2007 10 19 0.11844920142427973
02027500 2007 10 20 0.31230132565160773
02027500 2007 10 21 0.2683379468360444
02027500 2007 10 22 0.19640704907235207
02027500 2007 10 23 0.18125821628907074
02027500 2007 10 24 0.745610328907938
02027500 2007 10 25 2.8128492657296933
02027500 2007 10 26 3.536709173102792
02027500 2007 10 27 5.087926228583762
02027500 2007 10 28 4.079653452826511
02027500 2007 10 29 3.1141608173017095
02027500 2007 10 30 2.8807607819349696
02027500 2007 10 31 2.690465483689786
02027500 2007 11 01 2.5138154352848607
02027500 2007 11 02 2.3488085197586086
02027500 2007 11 03 2.1946345191912533
02027500 2007 11 04 2.0505804596147215
02027500 2007 11 05 1.9159819968276557
02027500 2007 11 06 1.9228098995159906
02027500 2007 11 07 1.7811679829816425
02027500 2007 11 08 1.6285340098018593
02027500 2007 11 09 1.5201542300617723
02027500 2007 11 10 1.4350538948576665
02027500 2007 11 11 1.339139834016497
02027500 2007 11 12 1.247267951759206
02027500 2007 11 13 1.1652332554965088
02027500 2007 11 14 1.0887414192065772
02027500 2007 11 15 1.5034420462335298
02027500 2007 11 16 1.3481802711572517
02027500 2007 11 17 1.128716139953815
02027500 2007 11 18 1.049186422010821
02027500 2007 11 19 0.9800925671498176
02027500 2007 11 20 0.9157506802133479
02027500 2007 11 21 0.8556411470768027
02027500 2007 11 22 0.7994775297552668
02027500 2007 11 23 0.7470004629346192
02027500 2007 11 24 0.6979679494885883
02027500 2007 11 25 0.65215389106742
02027500 2007 11 26 0.9014834056080478
02027500 2007 11 27 1.42499344027708
02027500 2007 11 28 1.180992223627169
02027500 2007 11 29 0.9340721841705273
02027500 2007 11 30 0.8657220140669134
02027500 2007 12 01 0.808604274052018
02027500 2007 12 02 0.7555159851772836
02027500 2007 12 03 1.0073470965479299
02027500 2007 12 04 0.906147770413306
02027500 2007 12 05 0.7654669420596311
02027500 2007 12 06 1.1507230572511427
02027500 2007 12 07 1.023976687148156
02027500 2007 12 08 0.8993728870064884
02027500 2007 12 09 0.9417942514182522
02027500 2007 12 10 0.8501773900789739
02027500 2007 12 11 0.7631202516524744
02027500 2007 12 12 0.7117311533354466
02027500 2007 12 13 0.6649597381230771
02027500 2007 12 14 0.6213100707075441
02027500 2007 12 15 0.5805276810526477
02027500 2007 12 16 2.2498195765751854
02027500 2007 12 17 1.9034463572680145
02027500 2007 12 18 1.3185405732509456
02027500 2007 12 19 1.2128815597788039
02027500 2007 12 20 1.1324749389341286
02027500 2007 12 21 1.521779007293702
02027500 2007 12 22 1.4008925089804412
02027500 2007 12 23 1.6263853052432409
02027500 2007 12 24 2.610334646694152
02027500 2007 12 25 2.183597436832703
02027500 2007 12 26 1.7236397362705702
02027500 2007 12 27 1.5973458375909115
02027500 2007 12 28 1.4919507335424718
02027500 2007 12 29 2.9356471099879298
02027500 2007 12 30 2.563544522910823
02027500 2007 12 31 3.1015954312765666
02027500 2008 01 01 2.7502242521949807
02027500 2008 01 02 2.266821825100977
02027500 2008 01 03 2.1054451115991077
02027500 2008 01 04 1.966722510984314
02027500 2008 01 05 1.8376066925457177
02027500 2008 01 06 2.1825082657263666
02027500 2008 01 07 2.404678699438358
02027500 2008 01 08 2.07259716728739
02027500 2008 01 09 2.465002099864218
02027500 2008 01 10 2.223029218194083
02027500 2008 01 11 2.87850179471186
02027500 2008 01 12 2.7010548006720665
02027500 2008 01 13 2.2451827179436186
02027500 2008 01 14 2.051234317334688
02027500 2008 01 15 1.9146577356757493
02027500 2008 01 16 1.788900726482568
02027500 2008 01 17 1.671475371639846
02027500 2008 01 18 2.6169489400236454
02027500 2008 01 19 2.601655347284609
02027500 2008 01 20 2.1141212347578917
02027500 2008 01 21 1.8883051104326043
02027500 2008 01 22 1.7607415653588685
02027500 2008 01 23 1.82533470816148
02027500 2008 01 24 1.684530710753458
02027500 2008 01 25 1.5253825969927666
02027500 2008 01 26 1.4232393848994525
02027500 2008 01 27 1.3297352301032443
02027500 2008 01 28 1.2424489880122436
02027500 2008 01 29 1.3057432656097843
02027500 2008 01 30 2.0463460370746063
02027500 2008 01 31 1.774881332781781
02027500 2008 02 01 2.890399510367006
02027500 2008 02 02 4.024187197627423
02027500 2008 02 03 3.1912065914128362
02027500 2008 02 04 2.560466048495869
02027500 2008 02 05 2.8093543949688518
02027500 2008 02 06 2.573663617558791
02027500 2008 02 07 3.1864584423753666
02027500 2008 02 08 2.8678406623323403
02027500 2008 02 09 2.437263287151353
02027500 2008 02 10 2.2672145255767013
02027500 2008 02 11 2.117978030153748
02027500 2008 02 12 1.9789382630193857
02027500 2008 02 13 3.263345607999316
02027500 2008 02 14 4.095033881779321
02027500 2008 02 15 3.304363485143494
02027500 2008 02 16 2.745539415083932
02027500 2008 02 17 2.551117642288905
02027500 2008 02 18 3.2218376284989203
02027500 2008 02 19 2.9127238793666823
02027500 2008 02 20 2.495574884507433
02027500 2008 02 21 2.322378938598277
02027500 2008 02 22 2.1695497626947993
02027500 2008 02 23 2.0271260427352584
02027500 2008 02 24 1.894066435879621
02027500 2008 02 25 2.143425621349515
02027500 2008 02 26 1.9592457018953975
02027500 2008 02 27 2.361821238203343
02027500 2008 02 28 2.1290797745141545
02027500 2008 02 29 1.8189379886807884
02027500 2008 03 01 1.8249189031265047
02027500 2008 03 02 1.6894243065832517
02027500 2008 03 03 1.542837088465254
02027500 2008 03 04 2.8665632053196575
02027500 2008 03 05 5.231499779334768
02027500 2008 03 06 4.187378419711088
02027500 2008 03 07 3.1640253746829834
02027500 2008 03 08 4.696284105802921
02027500 2008 03 09 5.389935637665369
02027500 2008 03 10 4.418248075740064
02027500 2008 03 11 3.815959136495839
02027500 2008 03 12 3.547244367018002
02027500 2008 03 13 3.3048307821567064
02027500 2008 03 14 3.0875064871011104
02027500 2008 03 15 3.3560547865466788
02027500 2008 03 16 4.12194456767493
02027500 2008 03 17 3.603289635992244
02027500 2008 03 18 3.0810526327390115
02027500 2008 03 19 2.8669434376970133
02027500 2008 03 20 3.7683884962883236
02027500 2008 03 21 3.39415198092684
02027500 2008 03 22 2.8776877323718986
02027500 2008 03 23 2.676596730255921
02027500 2008 03 24 2.5004000846970724
02027500 2008 03 25 2.3362547570596695
02027500 2008 03 26 2.1829039866366453
02027500 2008 03 27 2.0396198770683913
02027500 2008 03 28 1.9057408567987364
02027500 2008 03 29 1.7806495498776134
02027500 2008 03 30 2.002789122345516
02027500 2008 03 31 2.2921712131732734
02027500 2008 04 01 2.7671651474448615
02027500 2008 04 02 2.368085613416455
02027500 2008 04 03 1.9998084852655524
02027500 2008 04 04 3.189835027157772
02027500 2008 04 05 2.825296020531538
02027500 2008 04 06 3.1451953366901835
02027500 2008 04 07 2.9172610038537217
02027500 2008 04 08 2.481550330989978
02027500 2008 04 09 2.2836699902771707
02027500 2008 04 10 2.1323177799341266
02027500 2008 04 11 1.9922937353553316
02027500 2008 04 12 2.0230392050189003
02027500 2008 04 13 1.8714516118968063
02027500 2008 04 14 1.705098115744838
02027500 2008 04 15 1.5913689226567966
02027500 2008 04 16 1.486837621346278
02027500 2008 04 17 1.3892396670633609
02027500 2008 04 18 1.298050955859298
02027500 2008 04 19 1.212847923072442
02027500 2008 04 20 2.642048040664265
02027500 2008 04 21 3.3766732997570266
02027500 2008 04 22 3.315149125422457
02027500 2008 04 23 2.708119746228407
02027500 2008 04 24 2.330922049476776
02027500 2008 04 25 2.16963571387425
02027500 2008 04 26 2.6689111562101413
02027500 2008 04 27 3.7030842572369016
02027500 2008 04 28 5.147409881277809
02027500 2008 04 29 6.110591558776646
02027500 2008 04 30 4.933676864748767
02027500 2008 05 01 4.078095444014429
02027500 2008 05 02 3.788319331483917
02027500 2008 05 03 3.5387391294285613
02027500 2008 05 04 3.3064209811779004
02027500 2008 05 05 3.0893885656472784
02027500 2008 05 06 2.886603503256554
02027500 2008 05 07 2.6971291534101534
02027500 2008 05 08 2.5200917510903156
02027500 2008 05 09 4.238211028532584
02027500 2008 05 10 4.3079255614851615
02027500 2008 05 11 3.4517446674678474
02027500 2008 05 12 4.435232215128643
02027500 2008 05 13 3.9758316714027724
02027500 2008 05 14 3.3417407863373083
02027500 2008 05 15 3.1068888298321027
02027500 2008 05 16 3.7158720686456337
02027500 2008 05 17 3.377260977906057
02027500 2008 05 18 2.9364094917145525
02027500 2008 05 19 2.7430146673475178
02027500 2008 05 20 2.932726744964828
02027500 2008 05 21 2.6947422369098386
02027500 2008 05 22 2.417787182190458
02027500 2008 05 23 2.2549275810196363
02027500 2008 05 24 2.106743176843396
02027500 2008 05 25 1.9684510603421355
02027500 2008 05 26 1.839243207600568
02027500 2008 05 27 1.7699093362433225
02027500 2008 05 28 1.647753133120451
02027500 2008 05 29 1.5257510020074165
02027500 2008 05 30 1.4250266832209606
02027500 2008 05 31 1.3314651698396036
02027500 2008 06 01 1.2440678670887462
02027500 2008 06 02 1.162408205235678
02027500 2008 06 03 1.0861086578737689
02027500 2008 06 04 1.6740316893631721
02027500 2008 06 05 1.4874340969104487
02027500 2008 06 06 1.2122107573364795
02027500 2008 06 07 1.1252635617033782
02027500 2008 06 08 1.0510955856406277
02027500 2008 06 09 0.9820897735140056
02027500 2008 06 10 0.9176256563770956
02027500 2008 06 11 1.620263831473964
02027500 2008 06 12 1.425132632407117
02027500 2008 06 13 1.1260742341057717
02027500 2008 06 14 1.043620738465883
02027500 2008 06 15 1.30363969986497
02027500 2008 06 16 1.2754828141304484
02027500 2008 06 17 1.1693152602398078
02027500 2008 06 18 1.054105417184681
02027500 2008 06 19 0.9628691978584564
02027500 2008 06 20 0.8987512625181602
02027500 2008 06 21 0.8397198902728841
02027500 2008 06 22 1.0585349407175393
02027500 2008 06 23 1.3395182833325063
02027500 2008 06 24 1.1333015567544111
02027500 2008 06 25 0.9528446887037687
02027500 2008 06 26 0.8858937171702577
02027500 2008 06 27 0.8275612550245144
02027500 2008 06 28 0.8727691315342225
02027500 2008 06 29 0.803897538954917
02027500 2008 06 30 0.8316990013503689
02027500 2008 07 01 0.8119612148214079
02027500 2008 07 02 0.7240498185712457
02027500 2008 07 03 0.6622636383501064
02027500 2008 07 04 0.6182006890778986
02027500 2008 07 05 1.2097091953410057
02027500 2008 07 06 2.367005760987764
02027500 2008 07 07 1.8888686803155532
02027500 2008 07 08 2.0958494295733883
02027500 2008 07 09 1.8629029573989075
02027500 2008 07 10 1.8434475037031328
02027500 2008 07 11 1.6809823293112263
02027500 2008 07 12 1.4923038377981155
02027500 2008 07 13 1.3910952557031258
02027500 2008 07 14 2.022756670493652
02027500 2008 07 15 1.8058279730255595
02027500 2008 07 16 1.492492876743795
02027500 2008 07 17 1.3864330198724586
02027500 2008 07 18 1.295092374859905
02027500 2008 07 19 1.2100695738769063
02027500 2008 07 20 1.130640993538861
02027500 2008 07 21 1.0564265981592353
02027500 2008 07 22 0.9870835995022359
02027500 2008 07 23 1.410363912860244
02027500 2008 07 24 1.2609898376237423
02027500 2008 07 25 1.0467351708010684
02027500 2008 07 26 0.9725652767085897
02027500 2008 07 27 0.9084998858783766
02027500 2008 07 28 0.8488572484848708
02027500 2008 07 29 0.7931385452180275
02027500 2008 07 30 0.7410775486696477
02027500 2008 07 31 0.6924338099341931
02027500 2008 08 01 0.673087491228054
02027500 2008 08 02 0.6258686798613662
02027500 2008 08 03 0.8067288350052504
02027500 2008 08 04 0.7268369483553664
02027500 2008 08 05 0.6174312258024475
02027500 2008 08 06 0.5743400996984303
02027500 2008 08 07 0.5365343665687861
02027500 2008 08 08 0.5013122542273686
02027500 2008 08 09 0.4684063346196801
02027500 2008 08 10 0.43766050950495766
02027500 2008 08 11 0.40893282310213064
02027500 2008 08 12 0.38209079938114066
02027500 2008 08 13 0.35701066465890524
02027500 2008 08 14 0.7104976757062949
02027500 2008 08 15 0.6199973362432659
02027500 2008 08 16 0.7101878534965212
02027500 2008 08 17 0.6323042395606533
02027500 2008 08 18 0.5280101069427865
02027500 2008 08 19 0.4907430794469427
02027500 2008 08 20 0.45842270026082443
02027500 2008 08 21 0.4283276968423172
02027500 2008 08 22 0.40021242199673246
02027500 2008 08 23 0.3739427906736935
02027500 2008 08 24 0.34939748440900587
02027500 2008 08 25 0.3264633127416474
02027500 2008 08 26 0.3050345217874464
02027500 2008 08 27 0.9159532127789668
02027500 2008 08 28 2.4357143492116786
02027500 2008 08 29 2.2627606902120965
02027500 2008 08 30 1.6211293730795973
02027500 2008 08 31 1.401820917848877
02027500 2008 09 01 1.3051156862907058
02027500 2008 09 02 1.2192540367291544
02027500 2008 09 03 1.1392150782872026
02027500 2008 09 04 1.0644375745007462
02027500 2008 09 05 0.9945687287814691
02027500 2008 09 06 1.636149073869417
02027500 2008 09 07 1.7303825694680557
02027500 2008 09 08 1.3933385399281188
02027500 2008 09 09 1.2174903587212234
02027500 2008 09 10 1.3171508380942853
02027500 2008 09 11 1.2092424280946963
02027500 2008 09 12 1.1749427655477203
02027500 2008 09 13 1.0847850604435516
02027500 2008 09 14 0.9880641357375575
02027500 2008 09 15 0.922148211824539
02027500 2008 09 16 0.8615750906272295
02027500 2008 09 17 0.805020159999561
02027500 2008 09 18 0.7521792039895768
02027500 2008 09 19 0.7028067589877897
02027500 2008 09 20 0.6566750848479403
02027500 2008 09 21 0.6135714570581035
02027500 2008 09 22 0.5732971169551478
02027500 2008 09 23 0.5356663523513361
02027500 2008 09 24 0.500505641063322
02027500 2008 09 25 0.4676528507654032
02027500 2008 09 26 0.9174451607593238
02027500 2008 09 27 1.4257785833599783
02027500 2008 09 28 1.4753462131139161
02027500 2008 09 29 1.1647177699037894
02027500 2008 09 30 0.9880397138246282
